234491398,
982888603142541313,
41907147,
993415602957058049,
911859207481315328,
989518417274331138,
861156942848327680,
252728620,
992716051644387328,
992473707598745602,
237648310,
992288064780156928,
991945159460970496,
247006921,
2433565757,
991468479185375232,
213666568,
351506608,
990997935780450310,
79275995,
392209752,
561310954,
990681270840676352,
939452829151920129,
3235547487,
537092902,
3148493207,
976363870632796160,
957312095493808128,
226506181,
2714467935,
1369484472,
829261231831805952,
464670247,
989449398823342080,
181912270,
507734967,
415749572,
1172709044,
960985457906667521,
554307188,
236318534,
977103173503549440,
2449537550,
1449353047,
985294725505798144,
1280023681,
751188439,
334254210,
1094613427,
805685520131039232,
138172492,
879385983673929728,
37406699,
285734782,
3124394213,
712200687283732480,
180500683,
46200470,
956258582785294337,
2724954747,
434122152,
252249419,
756888815420182528,
798730546268475392,
250757814,
916588794652045313,
977179470200279042,
951130728531742720,
2303624152,
916742626631708672,
987310203275276289,
4418676453,
322236406,
2813332863,
267062002,
327322978,
103913521,
70795993,
3097256176,
811519871024558080,
2164837408,
3873900123,
2934071194,
131872939,
2827573914,
709442746046615552,
236901688,
219803146,
802425090998751232,
374925940,
104962726,
57767113,
376651805,
118121380,
2186632416,
988867526745608192,
2829462137,
125022136,
1051600698,
84595459,
543468879,
1446836293,
986003776661282818,
2863716263,
903813576,
2493349729,
457772661,
988456293106102272,
20304451,
981133629895127040,
987357142016552960,
1087271011,
986228326225375232,
1975178496,
988306739073298432,
50422347,
2230353182,
355494168,
1636106148,
173429203,
180698963,
949228565136072705,
53642242,
580005340,
23584350,
248840159,
2753235747,
4211553891,
30722427,
1570841682,
194976100,
964922671409528832,
861071385019523074,
1473118338,
1887582632,
110162243,
28519373,
978784920200994817,
287777410,
114421177,
38839061,
3926792482,
215702014,
2786329261,
950373377394593792,
927524964,
857477464129490944,
986635758772609024,
978540443813097472,
986123505526804480,
914379147392294913,
1633264159,
985527009592954881,
985427003808669696,
329883336,
985350757171023873,
78354196,
985241179976601600,
985086973491769345,
985074665055014914,
984865957108764672,
22214000,
317107875,
984843472090877954,
984840893697085440,
984798492936765440,
551405203,
49103157,
911615016046129153,
109966411,
953436005377413123,
272859695,
298160983,
149638469,
439824943,
984315174399238144,
984304656431177728,
970707110173511682,
984239087547813888,
984187354578669573,
720324127,
250038461,
981289652907905025,
201926581,
2235478553,
151992284,
113341604,
823637642533339136,
983783858251460608,
983776892561051648,
754056093572161536,
23575768,
3169860081,
983608918982176768,
978692882029797377,
969186079378206723,
2734059166,
983437355137798144,
2284974373,
2517740977,
3389368413,
103101223,
910492526427197440,
982246022549127171,
982966411827077120,
982870714142294016,
711234129115881472,
390276708,
980664465547931648,
401495750,
29699765,
886144706526294016,
933619438158581760,
308912939,
980413813093740545,
981637152231522305,
336711853,
115361170,
981505296723009537,
981443164551643141,
955154795052109825,
717874077,
2839643992,
980508832639090688,
980426561085169665,
436122943,
980188493744885760,
859081269522640896,
1043194830,
88666468,
979796743536685057,
979787053348028416,
72005765,
2715837688,
970376925586878465,
943208247556636672,
739414971616894976,
197052039,
464939774,
188413780,
979260826333908992,
949069778571972608,
564599099,
4251689712,
45333787,
970432560248643584,
122994013,
3302946797,
46857740,
978998765200855040,
3150899979,
865496816074215426,
188705404,
632230073,
978643919645937664,
298602588,
978678984820043776,
960528064412377091,
834143975317577728,
956491274877571072,
978586819423096836,
955760244478619648,
978553227439460353,
978549191042568192,
2315918442,
978395222882349056,
4896993401,
977996503250886657,
836214197037957120,
761228420512681984,
345971258,
716209596617080832,
977631094320304128,
977583902599647232,
976525964040720384,
972853683330404352,
977514908349853697,
2835986771,
431909092,
862454004646764545,
95011208,
177504410,
1283002896,
976779354553303040,
955363903067901952,
384790429,
2758283201,
206316686,
3115019801,
817457987795189760,
297372229,
613225822,
484026036,
750720503350984704,
106231738,
754619029189488640,
798514136896438272,
217692079,
914058936415899649,
78749021,
57707770,
246404976,
245452694,
105511859,
397944427,
326665613,
771050004,
381607050,
195718151,
43585124,
89144866,
975443412550811650,
149808268,
73455402,
827186437611204608,
83424119,
955492955317571585,
63958945,
1296943478,
417851382,
235270135,
230234537,
1079164022,
966056248495001606,
860897914440298496,
886151091532050432,
164628320,
318107100,
593966488,
2173920103,
169445946,
244201965,
1368160236,
879484377373081600,
319102511,
370966209,
969203206680129536,
962151421973057537,
48304466,
49372290,
1055336425,
358666664,
975323401127636992,
244074986,
1325537510,
456964542,
972894300852969472,
963183225836326912,
64205706,
3240303297,
4011485837,
898645726963654656,
3121418840,
856830724934127616,
1917709320,
471185019,
351723638,
198074988,
84376202,
958377578938675200,
2316777590,
974296712117473280,
940350578835804160,
973945556681846784,
942136165,
923637772799311872,
973695333707538432,
581963690,
481217908,
1477630056,
1853846184,
389661026,
272653895,
147922206,
153515803,
49676612,
445289849,
966635668347805702,
974400063052111877,
963862638282313728,
1864193504,
933456688920846336,
2595958850,
3091417228,
2455251126,
971830779507552256,
974292820554067968,
1164206654,
2966620775,
1195218854,
974034611750744064,
974030307241414656,
340826100,
21869954,
974005307960676352,
972401337404153856,
973966946462035968,
2182542464,
973932754688716800,
23604617,
148754977,
973870458847289344,
3044917012,
973833782557069312,
962680946720944129,
969147970057834496,
332340119,
970321474195206145,
973577447089242112,
241631836,
128806352,
973540148985126912,
370201960,
228362619,
971378793091706881,
225128332,
3342472756,
291596884,
2365511055,
305754604,
135552034,
918462098056929283,
46450484,
930415597854261248,
21143129,
972907935801241600,
118125456,
2851838235,
199018046,
972396244801933313,
3402880215,
169472507,
972545106761920513,
820692996417060866,
829404142141575169,
18631783,
2291756428,
972395721608581121,
58301557,
938473324786614272,
17024793,
507336678,
531222179,
263097889,
184467865,
857615290129055745,
578307262,
1685350141,
470915629,
3120654213,
2637211618,
55185834,
105152117,
972074840764178432,
3241824531,
4460437348,
962353091856207873,
3970131431,
404851735,
256762190,
374748614,
219721380,
177655520,
714481000,
241008788,
983411665,
184351335,
153781884,
2882489991,
968112543360258048,
360431588,
299056983,
601218539,
3979575880,
585082265,
861162559,
732521792313643008,
256147106,
416961977,
2194874197,
120508235,
971390606256885761,
878682877629693952,
971156374750187520,
971110958738354176,
59385647,
238728168,
717773455,
388315239,
970998427336179713,
725432430,
754285419903188993,
2999762733,
191959686,
941993064268169216,
970755572026003456,
970755925286977536,
550957461,
970671580199219200,
3632549596,
563181497,
286305224,
228092997,
970320501020282880,
970306431294558211,
3027187699,
237636328,
220392265,
390979253,
46418069,
547918073,
877580152565362688,
2148203163,
969804070348361728,
55296071,
1480460726,
969610085428326401,
1279867614,
969581964855570432,
891002426450464773,
969494098905362432,
338906503,
969307520668979200,
969262604098170880,
463662633,
366507219,
968929872381923328,
968923524801941504,
4849240684,
968847459932868609,
921682566943526912,
968793630159892480,
968659913420533760,
735337097612124160,
312051580,
727227414405865476,
968490070058700800,
968480262265954305,
504346724,
959445243593678848,
255418430,
633973035,
937477074,
729558536271888384,
3313242291,
214040416,
968119344621375488,
968085442083131392,
248659096,
435602420,
952160998730891264,
310372161,
2944080123,
450518109,
338556905,
320125287,
967689177209999360,
954422533138378752,
967523805752111104,
822544512102887424,
167506363,
57743462,
2854404610,
291064779,
966983839972233219,
922413384351518721,
3049242285,
3317063026,
490207803,
881824680436535296,
966750853402152961,
966749992793845762,
183242556,
966744531759714304,
2894394539,
4692006378,
962816936965963777,
731587791835004928,
37406556,
238291610,
52365735,
116828645,
3135182540,
166954796,
966330532165496832,
25836116,
19597889,
612959853,
159517906,
965643151842177026,
298125224,
420247629,
315476466,
165678835,
207207074,
965743707600322560,
28856252,
440915735,
33158126,
405583855,
964585251803672576,
284938688,
965476778243493889,
508877784,
727661705090744320,
943473795578388481,
2445803124,
363733225,
26200358,
964872271398662144,
531098565,
14443747,
858006696,
964191522467057664,
115799986,
509927516,
946473271943450636,
42319035,
865132689879437312,
151089176,
27302355,
854390344594665473,
86291914,
2349063798,
963296694426271746,
155200679,
114767224,
3306452849,
720966534,
983029237,
347275995,
886638586103255040,
16620389,
960548829585182722,
2809998128,
84873802,
208074781,
224569628,
129021479,
866747915359977472,
761166250521292800,
91976708,
198080028,
518961957,
549488737,
815961759198617600,
1369380613,
28970275,
312534530,
830760679829299200,
98925149,
200819447,
990906836,
63653810,
956680494904692736,
919979940443033600,
716714809186770944,
836681989403070465,
4653163642,
2835648896,
196325614,
962698499539329025,
1098797948,
55801630,
1165961442,
962745467653193728,
99135843,
154949903,
781558017074528256,
107030084,
223903251,
520264358,
95746970,
170630350,
85568579,
1733481864,
569851423,
594894562,
175443231,
952828455032324096,
761492144,
955538404120432641,
219746333,
14757804,
2862051225,
3544769361,
213797983,
379790316,
1481631026,
473392860,
1329031694,
1318342274,
960848897722716161,
27944649,
2886805030,
912960006684848130,
943656779644375041,
381220836,
267871032,
953339106511204355,
415453346,
994344074,
2721672795,
1241854411,
2315438023,
1316974837,
19828703,
3863376292,
3131652773,
960126179054424064,
950451695678615552,
71787911,
1394267222,
3695010436,
15987490,
270430437,
2335273602,
280945398,
3389142425,
446780200,
959782070741553154,
2792353488,
101578603,
958281686751563777,
797779110013665280,
959617847650643968,
954800592563654657,
2216005322,
2828436285,
958797643077046272,
541202922,
2815064850,
2934927117,
770332032446660608,
149518328,
169002013,
2930622897,
958994322568941568,
230448084,
958829418981584897,
958780871582081024,
3050948209,
2202948264,
958454788093628417,
941268629458423808,
88953921,
1867177244,
1913385001,
958372542594641921,
922165191298691072,
274392876,
1391820912,
403984320,
1966559744,
149224721,
2149955278,
448871919,
999975588,
94170583,
611053833,
270401148,
367637796,
957902793708310528,
701536509275594753,
1682744124,
2591255222,
923202336134135813,
19437201,
1327220713,
957277939007213568,
256158522,
54234422,
556734346,
37894788,
120116582,
2570581098,
2963942740,
950866282743848961,
158431628,
515789953,
4168172687,
823198227696648193,
957008906135449600,
115137675,
40712470,
956116465563918341,
951521358009257985,
956149938764812289,
580186247,
48701201,
862926128478130177,
258869895,
4904682454,
955751582443933697,
105823924,
884086535183888384,
2805002789,
956068859559202816,
953575818478878720,
11382202,
955841620750077952,
950498044205821957,
231372695,
1511393215,
106735941,
233248289,
123341757,
44604686,
117069606,
297423135,
718095974,
1229857087,
102446595,
768855628357984257,
955177679942225926,
2527085220,
212889248,
930139171938820101,
293170678,
952548735229349888,
40523144,
108639393,
2269444569,
259625051,
954568350331559936,
2192443813,
3016025281,
45835589,
588117883,
2193226301,
874382512402956288,
3073349548,
25812040,
806909049791021058,
91566277,
225895388,
804050592209453056,
2333584783,
281128790,
898072350,
405010265,
44687329,
2668826245,
1617638845,
4408202848,
953703709069971456,
2521879931,
953927888436424704,
2785619727,
222410949,
946911627403759616,
1659674268,
123632533,
1071953514,
100647185,
951381704802934784,
225413027,
2614226549,
52794030,
538868496,
4061474009,
68190706,
1145181446,
284743739,
181485470,
1354120124,
1257927384,
16735858,
124493450,
953204838992629760,
114066129,
4151755599,
412582681,
1561199454,
103292318,
146507738,
268522058,
545452107,
738092853113585665,
913822366580592641,
574054698,
1181538469,
952651274616524802,
2243086239,
382236007,
87776695,
815564147245088768,
63094758,
878433054,
952286456592195584,
92978549,
2964458026,
2962413495,
951442301309669378,
884685603698290688,
153518309,
121246840,
940120444937670656,
879345340939481088,
949293354176729091,
951482201169977344,
951465335525466112,
73593277,
400912646,
82351700,
134848583,
119457996,
2162835408,
249834065,
51031935,
25725898,
946012245879816193,
125427721,
950917105150504961,
891305207430295552,
1470315367,
50804024,
310211703,
275872970,
317374747,
323979681,
49275356,
248213023,
733428338,
327384755,
863107511108460544,
507832977,
354589515,
348004456,
950667828272693248,
501133161,
238718266,
3218939829,
739914311460651009,
922358997759520768,
36348443,
1116820562,
231366876,
50057382,
380808469,
232670218,
1144881949,
444561057,
22177481,
2222858251,
705145851,
932693595408257027,
488523189,
60294489,
148281098,
112538068,
15696031,
872512028585361412,
1600636555,
2662947522,
460881294,
151826679,
2831223058,
20367757,
226946026,
125389757,
130313487,
121388038,
783199010,
142017955,
1522149523,
3244556033,
924609722505940992,
2666708064,
115906370,
919824701857386497,
982743776,
186179480,
241604240,
337011666,
358139109,
823730653,
2660090631,
815646829983498244,
837389190950174721,
120533149,
1408719968,
22157665,
3232945083,
36352306,
1495905330,
595025205,
3055572285,
1409839238,
626367826,
60013284,
838728312742690816,
208510329,
237731345,
3049862816,
2799612306,
65504491,
96517396,
763376963763466241,
2730608253,
497775143,
2536699799,
562743248,
284436693,
731570248458076160,
139795203,
298069620,
2959968521,
3804993075,
233017760,
493284199,
911554448735993857,
209210461,
2821367986,
413969055,
257097024,
461867383,
2267252383,
919673159799984129,
19609447,
948615410957602817,
104935311,
1066585890,
232248003,
718840114194026496,
2497891076,
47896803,
328564215,
321982743,
944902121257865217,
342770908,
198565224,
29450784,
1504457822,
943068991425269762,
2368742830,
808021984177246208,
245910426,
937094520856088577,
753831344619163649,
2372458165,
947471542774050822,
2585965506,
454713270,
1299714504,
238925093,
358022106,
435854067,
398887470,
807172203695448064,
946864607989297152,
275437263,
347761385,
339552402,
214425721,
1863677588,
380429011,
946884212245848064,
203154779,
1566323922,
307024603,
315778330,
629249183,
2690277726,
946784545671610369,
811279010139348997,
144803741,
855708247503892480,
430471798,
232957502,
885088568,
2321347147,
39603514,
215023473,
295665897,
934719854011211776,
86925943,
462206857,
17417108,
712238401836224513,
17788147,
372374077,
701350529,
1683976669,
416249327,
164273591,
122134942,
171427744,
233670197,
166579239,
30041272,
2243346178,
635730545,
270272377,
843620421236932608,
928380641770704901,
936157366680203264,
52824687,
2747299204,
1362106849,
1322553889,
32881319,
908551457544183808,
472901890,
3354679420,
366209488,
604681615,
838748935141351425,
1289693665,
863160769936068610,
17759431,
101978494,
2498035912,
756536343212224513,
1307142216,
400857396,
2993424484,
475153514,
419375100,
234853608,
25119841,
318895968,
4577155757,
132436518,
2577138319,
958121588,
193343740,
944956088939696128,
26298370,
876049398,
154240880,
944858320439054337,
143728704,
910375291,
2425660252,
166160987,
940715418867642369,
2984816458,
14170691,
59731012,
2358264406,
3043515507,
303518418,
249584102,
2742625162,
170759885,
113661189,
146467151,
361980456,
438620916,
1879694263,
319855644,
944150432921931777,
486410775,
944117776289026048,
61198065,
861593146706341892,
33487688,
184063248,
56330266,
943808949874319361,
229234870,
435223015,
555760586,
502974217,
872804304637349889,
27879789,
170804297,
916052655700619266,
314144145,
2431677140,
882188534,
1311180012,
758701105148784641,
759816247366258688,
21183360,
302650646,
4098410301,
260387136,
601125070,
835779403925831680,
941297427990052864,
937856299,
17713080,
307362873,
10683232,
865080511,
234783892,
743653020,
303917429,
240254551,
4923618202,
2477294950,
2815660521,
2505329593,
2400230178,
90192824,
197715581,
55692429,
16492646,
972712310,
263234974,
486664931,
581192807,
95175018,
378258191,
496147018,
3779706461,
372835630,
1964618546,
470526673,
375553016,
620749717,
3405498820,
108250496,
299786083,
15200498,
713951294,
2387911663,
725284934072541184,
20711449,
241287745,
2954822062,
1392989556,
942011371406929920,
93697647,
583113394,
18761816,
2196061844,
476214454,
1361601883,
49742623,
876708039209963521,
753300253693140992,
857792047,
234767569,
63122037,
213971109,
490343195,
53031580,
97195659,
87666664,
140515088,
3303649833,
2168761610,
273164769,
579167751,
108628641,
54201473,
43574791,
701194055,
873974983260811265,
22364410,
2277123741,
209610294,
2248705728,
213596388,
50393948,
443902679,
335881135,
3199141821,
786276908279459840,
54216210,
171671258,
480765480,
139674073,
90347766,
2785370423,
123668470,
49408765,
943094079755313152,
310221349,
588471338,
154797998,
293889620,
273564693,
3238839395,
400816085,
183339838,
883786356840943617,
252543666,
112662968,
282977941,
38814735,
711308980040110082,
924695353332510720,
21102123,
931053636867756032,
700081181,
276031552,
179019756,
871683988737404929,
923054150,
4137067521,
122420257,
1950011149,
235652352,
208424973,
266834974,
937441998,
244193654,
1516536746,
1160483472,
712009094891216897,
18226670,
347725447,
1156655760,
48466621,
531231126,
910208294450540545,
190972386,
85629654,
437378976,
3133954793,
2553174344,
434107460,
549584043,
369551116,
93642485,
32422893,
443128992,
150319182,
47719644,
334269780,
14196979,
2777802885,
2574868565,
456420404,
3437088851,
1703964012,
86395869,
2258123641,
121823192,
935579713774514176,
166181027,
26995037,
40007862,
68617840,
47319621,
752856687107866624,
429760988,
189248130,
238304556,
14902063,
542507144,
454290001,
415933099,
4782852876,
4867378919,
907253834619158528,
941019200470114304,
4842007756,
177350092,
2274398827,
3377571045,
249052062,
573524292,
318570596,
409545259,
2901344867,
2891772970,
113720164,
24278761,
1887424831,
259194428,
2173759347,
356134520,
150375243,
349604698,
2205349735,
129741666,
361448556,
31479366,
119847204,
255728460,
2373729748,
2482131470,
1228407169,
863756842131968000,
1015822206,
51053029,
4252388355,
238714394,
121363902,
3293249644,
116767469,
579901840,
131196030,
437783863,
320273771,
4905337931,
884463962611490817,
4699641522,
98461182,
2170140049,
19044613,
941141815448752129,
3409385656,
839738011126464512,
536328111,
748447956374818818,
596544032,
941229882058727424,
941261894563909632,
129921128,
284171112,
611524039,
757861371052691456,
436041233,
15302287,
171782886,
4734382233,
2310892044,
3342971901,
228460439,
43652638,
368442830,
580690100,
941003385293148160,
115110747,
944917178,
23503930,
215295523,
555035131,
2913436997,
2815441480,
228098124,
233516315,
415469326,
887720762181857280,
789141378643202050,
113038607,
387695545,
191175671,
85658776,
272326946,
928637363584163840,
475910805,
736645529522802688,
36036861,
831068471588954112,
2791628831,
116788151,
203629157,
345916644,
275059483,
428907891,
169551680,
724895181879824384,
1710698209,
159533429,
153524513,
138812289,
536233024,
826453832297222144,
918563099325665280,
236856887,
707545819,
86758837,
716721144280252418,
2563749406,
327308536,
75575484,
737359230,
4819615864,
144464753,
2782780462,
296296656,
2298234259,
364135229,
1394254800,
234073176,
397302140,
222752233,
395241674,
910509841038417922,
15010141,
313458347,
525801093,
782533,
3958648155,
482188545,
703608233290801152,
442703614,
328113757,
238181925,
22278991,
105234798,
729242757039071234,
811544600716439553,
1246158974,
1335326191,
1334878873,
62578686,
547709247,
15332124,
933275339815575552,
357510914,
112552419,
129768860,
869955181,
3125693303,
996580242,
26305621,
103589971,
1389269611,
777343699915341825,
750631158380126208,
786171865,
2315640786,
829063370678607872,
462132692,
919901651783372800,
2293296667,
206668845,
84656187,
227022075,
1339358977,
141684185,
93657517,
13222462,
66167481,
936624451621392384,
124262918,
127700226,
1063973244,
1287059262,
784002058219380736,
417794872,
14418620,
234919013,
142611463,
940904458040565760,
2751535654,
17714860,
900246320795066368,
3308554959,
296455853,
19524827,
300949473,
171047202,
14902118,
3176651195,
102987433,
230409496,
1425078986,
92634953,
288111901,
146479044,
172499291,
190970178,
74417697,
1852202198,
863474856905539585,
1116263947,
958154263,
457052428,
39024845,
316384306,
615177144,
4178826094,
1013517500,
932539789563318272,
940675717351858176,
928983069134073856,
261300534,
478078418,
145768145,
953397140,
799621159365070848,
121412472,
23362786,
1024995193,
2710979362,
333502835,
778894232127938562,
19395194,
96534191,
365104712,
939268541588623360,
1068136640,
925844571187277824,
930015596334469120,
827505809298952193,
36684468,
939192056001462277,
220347091,
939081132280303616,
2848732307,
3121435996,
105621157,
933637015601598465,
82846390,
929661013863038976,
126913078,
35282355,
286043062,
66107953,
2939432745,
429895209,
1868795695,
92651687,
25365491,
311873163,
2164909351,
108096854,
934166001356328965,
2317748755,
469150251,
42015742,
3996421186,
930451393533628417,
525684542,
3388857087,
1705335733,
930532353553981440,
792431810,
833906629,
821398532536070144,
151389940,
56039667,
378974512,
253054953,
931464821509382144,
263602751,
582577139,
1024482734,
885164945754791936,
72341630,
589437875,
114162083,
951544116,
521527385,
929086232218480642,
1291639728,
104273396,
1653467382,
757499351501504512,
928505064070754304,
1132011270,
114280373,
1911792877,
117183172,
927797212024918016,
916616766473887744,
927562386504118272,
2171171103,
2163346276,
2809231134,
250097134,
280146338,
2437203160,
252259143,
240655454,
93605279,
36536898,
914383594788880384,
73234595,
27245969,
286661386,
926746319741337600,
2382431967,
970408206,
351585300,
816017869720977409,
925799558935916544,
224567099,
97382955,
78911037,
775036793771130880,
925671221861240832,
788466958756900864,
2899157697,
821661192259244033,
425143247,
282741449,
886871313578692608,
177146969,
885222665665081345,
823248048386084865,
608020405,
2440335212,
294563349,
3040474930,
2333600663,
788741735669202944,
221425789,
3310733206,
475297870,
2659965868,
734756052,
210356416,
923426412203188224,
1056033397,
2259193826,
1916792624,
905875392959057920,
887737953157558274,
920968379426623488,
923413995557740550,
923273517419978757,
14219858,
17412992,
919302639812300808,
792042696244359170,
2451166987,
922737328413605888,
1095097034,
922515528350076929,
100808887,
28972408,
82478258,
893214729098932224,
229016607,
257506618,
107817984,
786197348489846784,
1318044481,
1092817549,
534098170,
921305853600452608,
907908371747098624,
918451061924515840,
147136570,
314532213,
87390722,
790546909454864384,
810486378,
3106969743,
213274502,
609377370,
2893422064,
918881122859315207,
96650218,
902967007070576640,
910208204138741761,
917640846153043968,
917457327271350272,
917437000495632384,
4841587492,
916952947958996993,
916946857875722240,
719254079495647232,
392071512,
131578655,
373849129,
281633934,
916510053364129795,
762317857686450176,
916286841741029376,
381662753,
108392446,
915552687474843649,
429231214,
912784182975320064,
64432379,
812295572124209152,
96756288,
344273906,
912322525820006400,
785599665186205696,
913373167187628032,
1922258654,
2948911991,
883055396524523520,
228791310,
258359550,
849152332705214464,
893442179686858753,
258769089,
912737856367546368,
912721707479289859,
877573123947864064,
735779332354772992,
51210556,
912617046160134144,
497058759,
911553556834082816,
223967257,
911653202092789760,
910952348519927815,
265577128,
479210500,
246923344,
1355153118,
229617947,
911631754494083072,
219415174,
16176729,
789331927,
715276322768027649,
911208424486121472,
3353228124,
898188963181203457,
248653596,
802508195998691328,
1526899069,
2953861845,
295280754,
966863972,
522977601,
236850806,
1682783132,
209573429,
909023177363386368,
865914825603416064,
2291060034,
1032246486,
715379860722622468,
1043589403,
37383976,
46778747,
748025052,
2157159839,
1168464865,
2370177546,
1063873723,
29953344,
102837555,
85400221,
83595830,
840583142876536833,
460935780,
21996543,
733664553377075200,
303921933,
467922436,
908296062,
73882908,
377246710,
59242851,
876869533331488769,
747538847811112961,
89178969,
115049255,
70909448,
1053031568,
906565303836053504,
247222067,
742898239,
100340871,
1462907599,
246892690,
582921267,
2172358620,
2250807326,
2574051149,
1164004764,
1007066142,
132915066,
36439413,
9160072,
851885130109079552,
239109485,
940107103,
231208598,
241027355,
793142467042435077,
2365546170,
792067434,
884159220215681024,
2347137218,
464776569,
120707086,
887254937389993984,
118518293,
2160140451,
1601700810,
88660266,
66947172,
853245603685519361,
2226558067,
2770294348,
889503589743439873,
2758073516,
465622253,
904350033545486337,
901115903424823297,
370279057,
4842651305,
903589026229346304,
15070678,
894231572047704067,
824416629987700736,
2391817695,
3293659353,
846173732,
19209366,
41572740,
190535309,
2786000504,
45554329,
887273511563251713,
2703510803,
883528047856685056,
269963796,
393721135,
899294989838057472,
2587483315,
2456127837,
2751233283,
45558014,
462841896,
2317800936,
3055559925,
327229240,
3260640406,
495314627,
128944867,
390396937,
63666882,
859888399909609472,
222567975,
898266934160101376,
128280704,
817123636142370822,
177985080,
21184500,
898090082514743296,
897546470659960832,
897862101552726017,
897550715429822464,
897547434292858881,
897479895948898304,
897460761416675328,
897403557661552640,
897190689980776451,
897188872735645697,
897043319330656256,
2498013450,
242440353,
373307459,
178763446,
896816396142858240,
3375661731,
2884496459,
3028905016,
809397277202653186,
782626478131335168,
783760180899094528,
107693873,
329546570,
2719763734,
165593468,
2394756037,
373356601,
1903204368,
895647896544194561,
895596443892764672,
2579282977,
134742310,
1443707768,
1072171854,
728889368,
411764045,
215028816,
546580472,
522353362,
145395750,
62471218,
329742400,
894213001779314688,
894137164358987777,
923652374,
2992972965,
2472489655,
549341689,
175833222,
893571807143395328,
4085023156,
118870133,
744276799845244928,
185318691,
116061252,
3369057639,
2392995864,
826518023938912260,
401929809,
884068747035758592,
14221800,
893190042134491136,
887294516973248512,
2506298242,
785785341441482754,
376734721,
2359863348,
107197320,
891346915744505856,
5988902,
890609636063285248,
541859794,
888312757598265344,
415057571,
4165482977,
829688978106355712,
887987872971841536,
842081219357642757,
887316158482927616,
1701960642,
44581707,
887218763535437824,
886937638560821248,
885085923364532224,
767077371417620480,
731788905951940608,
2397484608,
801136353052413952,
880407538424000512,
883811769734615040,
883721878636040192,
733012545385181184,
94552662,
344041016,
722034020326981632,
313924353,
2190156324,
300246643,
102353052,
882518910846865409,
882335761890234368,
2182033264,
277852026,
203885606,
2543661956,
824259671418667010,
351874848,
838359212224823296,
881828813004582912,
105250331,
4776032901,
104905495,
878997764092432384,
65694870,
880422637067022337,
420209657,
3377941444,
878749269527846912,
2290941950,
879997608244240384,
117003599,
119403576,
871002372801257472,
4039865681,
798987644055089152,
46499897,
2210940056,
10331512,
1220732965,
865857885879840768,
879330569280212993,
765566507329912832,
407943817,
816030780,
3182591651,
775092480639377408,
861549133466914816,
312066748,
1594381070,
2827380227,
437797215,
1612461048,
878266503321276421,
1433186324,
877945020376113153,
204453340,
407028294,
569165644,
163087775,
877819116236804096,
3198269301,
877464708974080000,
2871990219,
885084632,
1941655771,
2730575297,
876810192746401793,
829692610281406464,
874506581223907328,
868789522204684290,
876149395288449024,
876063144451465217,
759126781131644931,
875467446982987777,
466344337,
3105522466,
790993424,
874713685494771716,
874721416691802112,
171144984,
874641358404952064,
2912360007,
756456861298196480,
791279337144279041,
146148431,
27619254,
1292011969,
127159562,
409780065,
455832965,
1277869111,
374003641,
872070884588232704,
1154172721,
352943995,
469406177,
1324803151,
108566887,
150708304,
277430772,
868441915968159744,
206088943,
870227077106159616,
239086119,
786630536743772161,
3095612445,
866218099737059328,
772138977654632449,
280897255,
870084836559659008,
866937792718417920,
869871343151570944,
724188054697705472,
143380166,
810431582393679872,
102385339,
868743947883040768,
868676829942599680,
865726663425916929,
314006950,
868554724815122432,
868410795394256896,
868377361712115713,
1428491520,
55579398,
800573981715664896,
202128312,
833681706729295873,
110527013,
861939176274526209,
226253553,
8222512,
273424189,
865968624347095041,
451719171,
227633957,
863395247593750529,
45799244,
1479173797,
796827416815661056,
306809850,
588391961,
243762099,
105220012,
863407492067360770,
1960008996,
148437703,
2470303816,
2212917352,
862312619209785344,
785916632581439488,
1194899696,
240872705,
562647664,
856790618793799680,
297096217,
861512267317301248,
860831903980670978,
186763162,
2222799720,
2401893773,
2485819056,
46347272,
210846233,
115763754,
1705692511,
3499517117,
395243093,
917629656,
1708222734,
823074271572455425,
2976179417,
814905211500326912,
1308195805,
857232176315846658,
103628038,
514416378,
256115084,
3295444606,
14860656,
943670629,
283191079,
143751396,
367056826,
831982274950336512,
249557794,
477808486,
824547746405371904,
852566393019125762,
517769279,
17306187,
197102717,
2380167524,
1685519431,
754047713906454528,
30445169,
772121854165315584,
854309666746183680,
189183264,
561005615,
125379394,
626013618,
371176027,
38962320,
188277756,
152502720,
154460108,
1552937564,
487531044,
2741840969,
154104583,
283915398,
2420325923,
269962499,
223409489,
781105134298402816,
1095381110,
851430556722180096,
875043170,
373920164,
752863403358744576,
2374136113,
1650180589,
190754911,
24848275,
272577876,
773411596064460801,
137290646,
853256094713606144,
812834369102553090,
852445870410825728,
620025352,
396793567,
378883139,
215009134,
2401898389,
735532100233900032,
867017384,
238059905,
264749147,
727616939011518465,
707209123,
60593595,
151191608,
571958207,
2910983920,
851422283252072448,
95203647,
379935832,
2239649825,
255194768,
234807232,
194684469,
850321241458323457,
514267076,
291672405,
222232756,
367826238,
2909194852,
570182930,
3621263362,
814165163133771776,
750276441720418304,
212139831,
210193358,
105245220,
3024914387,
16181693,
624451515,
275025612,
17455183,
840847868474904577,
58946080,
327927750,
488617708,
14356034,
848946304600481793,
3118730056,
779615019709390849,
114765574,
88514404,
1096007916,
28104188,
703890460973146112,
4185764595,
3294445302,
237888809,
26514026,
1328876454,
570975671,
502611155,
4901899840,
51446569,
46169770,
1337306953,
1949193841,
2347512323,
77839388,
1686238574,
550255568,
219445732,
101709764,
2905015701,
25490825,
837332056417964036,
2765122312,
1029219798,
567474275,
27440527,
3131612152,
159251248,
368899772,
224371424,
227226948,
236970646,
156785516,
518811933,
835150752460992512,
831093450204409856,
2588323809,
13385242,
2575139102,
4447475188,
2664649108,
1846652455,
723388086621626369,
445429334,
25139139,
151204475,
4784578823,
118328273,
333426293,
3101496424,
106165810,
709501844,
2466579145,
568242923,
843716660,
2272433576,
89410468,
801376495054811136,
169218772,
218972434,
711823707400970240,
267059515,
279090973,
146092867,
207549019,
844523907151527936,
155278853,
1606471742,
275995678,
254511013,
403475371,
3352858127,
2175113697,
265904199,
30933244,
2308511916,
2421739891,
86135768,
198101669,
106521932,
18981111,
82114805,
302608609,
206222969,
314419852,
2798301,
277221176,
113976690,
144162210,
120085139,
836913575012761601,
283710537,
65995637,
138407486,
124212212,
43859016,
55830502,
427650704,
23771787,
244636041,
54954200,
778265036347367424,
842387124787810304,
594074177,
255945091,
149636192,
1437877142,
81937238,
745032403727548416,
120439119,
840639736763023362,
2174559424,
4452302074,
914591773,
2583840429,
799418926740422657,
214079568,
153462875,
374140909,
1119060612,
56090210,
263200010,
109509858,
37513409,
841236244596174848,
824754626402582529,
1596483210,
73718693,
124713831,
328026595,
95746572,
4870771270,
107734785,
434410625,
105430446,
263688876,
26043422,
458195676,
71274948,
119481481,
2930792069,
184709231,
46169220,
97485086,
103874292,
4527111797,
743219881,
278320936,
358741978,
2707921367,
120407236,
518858276,
319274752,
69661905,
3070634135,
52996268,
712280819495247873,
1453652688,
1590522176,
205188740,
1430881160,
276567546,
225911044,
360442830,
18242344,
315322699,
36633913,
179205967,
3261962511,
841278762880815104,
773439259743293440,
837834650974367745,
780520885736407040,
44159530,
1288021776,
395521201,
136375564,
841311333165469696,
2923750756,
835929076850388994,
1128804936,
2948510117,
2440492871,
29999244,
153523694,
125378976,
750373322450493440,
835174593480572929,
2242996717,
259717739,
231749288,
263657577,
2220034694,
4012365071,
2275547218,
1125934532,
378118067,
777046506561994753,
174995041,
13284192,
837326107355594752,
3302013725,
147295714,
837968741803642880,
827965349236719617,
751196635,
165742499,
4643970256,
835207021762908160,
256999430,
812697713896816640,
829429384964612096,
4794071783,
836944542934917121,
153755336,
755771532,
107387144,
292389618,
152628581,
3868382663,
716330540450848768,
822137973290438660,
830788329490771969,
4194629271,
3092406286,
1327676306,
834526183001829376,
1404796681,
118859809,
112682351,
717581318,
2620844308,
109246517,
211117115,
222482450,
220788580,
970063315,
436157896,
832760673830465536,
833420517201833984,
817790232896700416,
2411407399,
4863166852,
2805459332,
197872767,
106675760,
185581572,
735443359,
3052511936,
211104828,
14753542,
128007908,
831125840230506496,
484854698,
708546020,
826821701124182018,
1282620380,
27290611,
2910967247,
299584974,
830094705744547840,
829650558411739137,
262219282,
196561220,
1261950847,
54860946,
822714182915198976,
828681390078173189,
728147094247112704,
352980658,
470323928,
467668092,
827648067017068544,
827671585360322561,
817354971947606016,
1595400781,
795386636255297536,
491044450,
789390508900483076,
66370369,
2669661829,
191008080,
714184675,
277620491,
822932920725860353,
824244490072391681,
2391193019,
1550669184,
412894942,
168652086,
17870959,
1319901794,
774967937128140801,
300177941,
112154137,
489540098,
837404035,
208105973,
4017479344,
3958674623,
2840059318,
231385418,
3622996222,
2423836389,
3119227307,
521363310,
244155685,
195017516,
151928188,
2244783620,
28072751,
111667807,
820619862418608128,
117760317,
250262883,
818071628177358848,
245751065,
820799594925801472,
618258454,
2268691375,
818944011213959169,
303201020,
820258074871140352,
3148456295,
818462964424601601,
817873656835637249,
719201030567759872,
559684944,
797628369596780544,
902350470,
748873773345042433,
4827122722,
171169276,
223957842,
100518938,
475678733,
1010825856,
133387325,
118155896,
72274132,
136778584,
816196411616202752,
2667495062,
105483475,
349855690,
516403694,
261251881,
473562429,
420278938,
3779253555,
4328847743,
541393939,
762650942076489728,
2375612623,
331002057,
757464361577357312,
711263865208741888,
734270868,
810016529127337984,
215469292,
163397153,
3629914456,
811125523950792704,
2147584700,
2265027097,
810956576618139648,
299835472,
739954710384381957,
1052977334,
37470590,
513697941,
473015700,
809862997430665216,
552858838,
852546067,
240381516,
2544675711,
73135316,
769092119088816128,
3208295735,
1315890644,
195494779,
26368135,
1168815529,
762721505130184705,
2979582622,
64735575,
79396576,
311618807,
48999645,
806414837156810752,
27637628,
1596375476,
2217962438,
54528444,
2827253953,
394521547,
1541864893,
73116030,
429102972,
93642119,
38685152,
48472055,
54492724,
265724105,
2948503869,
702980853316657152,
802836251044876289,
2243601712,
127893535,
48382716,
802549221467557888,
720329256606109696,
47281098,
403498678,
798212763059421185,
100777625,
499183148,
4053654257,
123911064,
798129693304176640,
989356608,
2923692435,
788426294400782336,
93289081,
2872027444,
85812141,
800284139844812801,
800244810703466496,
598598518,
2481817068,
451451779,
27646343,
3301482489,
799415827195981824,
799235476888702976,
3674863455,
798626197542408192,
214206493,
630986273,
893491238,
798226627083829248,
798199770447773696,
24156777,
151155243,
40224018,
72380619,
1189573926,
1446832836,
795968055578886144,
1974799460,
3076178145,
2888095413,
1024710764,
2846502441,
427299423,
794876869208395776,
783690717365411840,
794467651498156032,
2824997470,
154084617,
294640033,
349678533,
471867606,
217834564,
2315323760,
3130962771,
2949022546,
720910828,
793376414779277312,
148353563,
1320078900,
10222962,
186810383,
42372786,
3101682688,
52043238,
153294008,
2151550512,
771337935425765376,
790214798675968000,
2319070362,
790782701951410176,
262356610,
3533077095,
4852103861,
364438308,
3355271211,
396772295,
135412294,
2855508928,
789908024311898112,
789858181287665664,
2210843991,
105887012,
115503829,
785198153356210176,
787937062838267904,
2548254168,
236432453,
2850434531,
751752352131084288,
787323754208780288,
4889539203,
4220302239,
63668260,
374412160,
701800886,
576487637,
1450883077,
15787724,
489501205,
72909954,
2445138046,
763690217010262016,
1578220699,
2867189013,
138840679,
90867259,
19392492,
1382828479,
766654329503748096,
786641923146678272,
289807564,
191799354,
778557977825599488,
760487999171862528,
2199638877,
3313692701,
404530903,
273978782,
454851823,
891476870,
748937536593137664,
4794572726,
342836129,
2535156173,
120503760,
282203910,
84837937,
2951858831,
714732185157287937,
254727505,
380538385,
160923896,
23618173,
23285955,
2778293667,
200612174,
2395948464,
465531464,
22123865,
1636304281,
746260066702139392,
785169607887839232,
54680421,
786519816567922688,
102716039,
229413075,
1224165864,
3997307733,
723823145505984513,
786478928290381824,
103823811,
549641907,
1358771935,
871620247,
2792778264,
4458304643,
483778036,
78718101,
762167953911640064,
399397082,
1227110360,
151497921,
386104225,
10502862,
750585898878763008,
773187637930852352,
2765978142,
756537733011603456,
186165093,
729177791133057024,
156947306,
2195441787,
2180573504,
263702747,
98934160,
89202336,
771457893359054848,
1027057496,
1222923636,
84946529,
785503455804809216,
351444759,
167045665,
430851062,
180090333,
151872942,
1200462626,
142649043,
1205519624,
1106439312,
1931805732,
152009753,
810859681,
582943333,
95246275,
379678063,
3028551257,
2951219248,
41845653,
4703469264,
2781811991,
232603418,
3207888196,
727525957687468032,
516865049,
748928665719898112,
368290466,
147278236,
208247855,
47561561,
394588229,
3307303587,
572795044,
3201537513,
831127908,
528863427,
77197655,
730422968,
761578372271108098,
23204767,
48300574,
4871450333,
431590487,
65327250,
154138713,
760060688576475136,
544494766,
273025657,
335441444,
42710533,
2743373602,
4545266555,
213802619,
352647571,
2192437825,
579080474,
727758475,
20587800,
118867595,
93469164,
109040751,
2332582560,
74716420,
714089691,
2160958697,
2387075870,
773120974082498560,
119331267,
2894898586,
372129024,
305608619,
2851816577,
617147354,
1580786802,
136715880,
774970372672331776,
500754120,
791942401,
98207855,
3306928270,
3107482751,
98479652,
773290500468183040,
2583716965,
755388746162442244,
4360905375,
1160822515,
609826501,
187931120,
239436864,
2970179068,
3087460611,
123191580,
742610227556691968,
134698809,
66498205,
122452414,
291802774,
978619825,
47158246,
289244737,
705268526731436033,
3381715131,
33233141,
1678784456,
241058944,
107185089,
2405863631,
356177683,
2284576126,
736565414478680064,
2798647318,
212203394,
733351560,
769167615700901888,
732981306414538752,
2947214633,
3042401249,
2499334733,
58594750,
558930999,
350783072,
458607793,
162191227,
219617029,
234296405,
203686664,
17020143,
739551521319321600,
265029183,
715962445731340292,
232541564,
532140668,
1460649865,
14503596,
1655055626,
2168359917,
189078271,
934180237,
616214466,
766359389800390656,
115456273,
189932718,
2548005763,
352582809,
4135572737,
289546952,
109107181,
151915437,
1715335982,
3076648521,
731411991483588608,
59732571,
2982407037,
951834679,
18999157,
22939569,
4860738276,
3089235217,
4285767262,
1859940409,
1477747538,
3012770260,
604871508,
400250058,
327865006,
747502099412492289,
736635228844871680,
152691240,
759728505278046208,
422685525,
213686593,
16424878,
721118716,
729632850375495680,
137330325,
49005415,
759127548487929858,
758626220892364800,
758436160532348929,
425066188,
740659416610013184,
27832973,
712365525612019712,
415700619,
1096469210,
751568125,
237444182,
756067451251617792,
60411507,
755110817956294656,
3348539985,
745261624374759424,
41664367,
815585472,
128934133,
2410091356,
1640527176,
712727982100578304,
110646574,
15037033,
757993628,
107037497,
210537269,
184340678,
3081976749,
211245464,
1278483140,
551235382,
269958610,
3010652531,
3999508215,
3377664586,
749023446848380928,
747417300718891008,
2396050860,
747126463405645824,
2936219260,
379047999,
743767913954435072,
984977396,
936592561,
712169330,
2548740572,
229928035,
873232070,
1338527702,
701715213050056704,
251580939,
726375217115844608,
4897905803,
1527324325,
149301008,
144291528,
365937023,
737236909357969408,
273910343,
592650798,
3133261641,
4374865768,
731783450529763328,
608848910,
2514899298,
729228752027320320,
372801746,
23949364,
730688755816902657,
719650295018561536,
510901420,
225136236,
179054207,
1971495662,
727406318030577664,
495141970,
724984675232563200,
1034518465,
583108659,
4243920562,
2934374152,
2624679358,
4796663223,
21933662,
723565031393234945,
1861714777,
387868289,
719819707587698688,
1618220600,
1698534824,
264448674,
2875009793,
463185508,
216498278,
14215526,
4122277695,
28336000,
1523163919,
2427327943,
715214574094520322,
707117001827864576,
113993270,
710554740824907776,
22256692,
1341271598,
1710901802,
700587536360542208,
484245128,
707540996888924160,
4355451741,
2177975379,
111451643,
1975250996,
3331851735,
2492663770,
3320685334,
3376526524,
22659280,
552655720,
2988324675,
304006441,
630153535,
704421579355246592,
155043768,
78037745,
19063838,
702561753184473088,
863175554,
142603758,
701147075883438088,
81325489,
50348021,
701778146610311168,
163061066,
4833645447,
4856742281,
455061104,
290754130,
3078526660,
3909888159,
1441393201,
16029204,
385257577,
72885370,
370662884,
183357182,
2443730971,
2969626565,
565615767,
425236945,
273568165,
4861350086,
845187260,
22018066,
404852210,
107785679,
47409065,
280952649,
1716130166,
4904832069,
517477928,
2591268595,
158478440,
400670269,
114310025,
116760635,
235679719,
52373796,
695597446827810817,
217372441,
1420934161,
2568609622,
196085813,
3047145341,
28829581,
18796563,
143819143,
333570704,
393271282,
4884696646,
238094876,
4797329477,
59544358,
101287763,
76185903,
3536799088,
4691282592,
3166370722,
2424958335,
110660738,
2205304644,
133380704,
88745531,
3349604483,
3124327665,
3663724173,
493192465,
788684959,
418602667,
2878041465,
4853565370,
4470094095,
74862046,
459564307,
4837653759,
389039546,
4832814839,
1474830158,
4824966537,
1113655255,
68124994,
138144430,
4332076601,
506381038,
280925551,
1342524469,
2900273657,
1568719249,
4765289697,
4514465355,
3028870325,
3346743687,
4024980527,
43869798,
264032286,
22930001,
4621008449,
4601370737,
702770041,
777639728,
499857338,
377861327,
103817934,
2700556652,
187823350,
2743800004,
450988596,
4449292396,
591912875,
247742965,
4295220989,
2381895734,
3072203914,
4237465042,
146359713,
3009706660,
1885812162,
121459053,
4344626177,
3314770161,
4161978929,
404169110,
322547768,
3045794642,
819904404,
270539867,
1117622035,
212278438,
466388232,
330847484,
127502724,
459332946,
4084458731,
75498383,
133889923,
1128958322,
4239529053,
4242444321,
4121357590,
581116317,
2498279041,
242253002,
4082514640,
34205260,
3284137336,
164640660,
255094181,
4185230331,
2948762398,
455900941,
3893399907,
772995942,
226081114,
1852173690,
327649545,
1336165938,
2525536794,
161014313,
8024022,
1093364227,
1734870162,
2163323822,
4096031477,
825627799,
102121258,
19483849,
3338877741,
4070793143,
24697348,
18696594,
319542282,
254964363,
3302580550,
1424784416,
340256405,
3306872980,
274436024,
3974654512,
2873615325,
1560887042,
442194044,
835912891,
3836150789,
3890858920,
16434707,
2200762636,
3938071337,
3352970487,
3497063612,
478618573,
199195201,
2286940928,
220977587,
218989243,
418059344,
991047943,
2207966498,
817282280,
3429994792,
44886944,
3709839874,
551348089,
1007007008,
972877160,
608130480,
624717324,
870126612,
1911646771,
1451845681,
2403267756,
51070747,
111850108,
200151979,
15116696,
1869323222,
152643698,
3547783217,
3064508133,
153546325,
3300395602,
3059511755,
627307172,
91116591,
3019625536,
118521616,
2690805996,
2370985977,
1408592005,
3420778715,
1116344796,
549942377,
436595533,
1280890890,
2921111464,
1022904798,
2603528819,
374531238,
137698917,
297078708,
3024623493,
3007363977,
3424622776,
213390460,
3415849731,
2964307589,
1225947193,
215751432,
452111707,
133700695,
2751656369,
223082200,
3332196075,
135812105,
2191767641,
2548009332,
127816409,
2874267894,
2405052488,
2955170565,
873539197,
3080379270,
92546979,
3243820269,
1351364018,
3373801720,
3372235673,
22822703,
3366595193,
172711947,
326282354,
508915334,
49320360,
3356654865,
1900975388,
3220614578,
2866184561,
3352089754,
156268316,
3338606123,
2939485312,
2544098874,
221460695,
398167215,
115142468,
2848757585,
310188266,
213942886,
156629922,
330268381,
2844495151,
217861850,
1155231968,
3297651917,
2376822783,
382675437,
3307195863,
301943532,
2546098110,
2455150784,
597689070,
294745476,
78414617,
343380483,
3026957825,
3012039077,
189058710,
3192052113,
992714060,
1054589863,
408406127,
430533353,
2738878654,
3123822027,
36341954,
214077278,
2892344679,
3012195640,
2908333726,
2400714217,
3067641959,
3176732465,
126586979,
481865268,
3198138825,
3230190069,
396482821,
3226606581,
3224611246,
380395716,
3129028137,
2788029060,
408342206,
150170002,
222571567,
3194728612,
799072556,
848059278,
115389485,
3194691592,
839926152,
3189924418,
1071532832,
34784173,
3165384892,
315189931,
2912794371,
3159669196,
118360068,
3088442038,
885265549,
94339853,
3130572371,
1480492886,
2197333124,
3051521401,
51057430,
2155717468,
455194229,
2310675347,
82683386,
114166867,
1019779542,
99259726,
112100035,
2330483086,
190610571,
407663219,
3052431381,
3093457005,
3092244742,
18985646,
584572112,
2238930684,
277466335,
3013153677,
400850564,
811328658,
2349938287,
634387217,
3052963886,
3049467487,
170252579,
3045995735,
3064743663,
428261943,
1511491422,
261412365,
1295666750,
321542412,
70348971,
235544284,
734518159,
2549575052,
2170958212,
218573196,
2931021585,
52671131,
2915191108,
148117242,
3062925279,
3062810603,
3062921301,
1432510026,
3062840739,
3062858067,
3062924446,
3059759045,
14537154,
438638434,
2949218271,
104494581,
3048097030,
1216058160,
247259729,
229222075,
3034471827,
2942743535,
3032540752,
3028296472,
3030841235,
46339793,
3027196876,
3026248293,
255114081,
376878732,
3014452149,
453952682,
3017726877,
3015965033,
2151645304,
78321978,
146163963,
250112628,
2829775795,
18056073,
2850334019,
88954844,
2186188800,
214482850,
213599307,
548291512,
2394071465,
2988316618,
1956353606,
2964644603,
2974466259,
403461355,
428920431,
71988016,
2971298392,
198521551,
955593536,
2576814720,
535442497,
20710359,
322565123,
255208469,
2949510615,
26872891,
2958431577,
74116571,
2958057435,
1395344966,
226684529,
1101234529,
2465443456,
2285955802,
2425703089,
2941196350,
49334073,
2751115660,
2851800320,
2923581549,
205612081,
270309256,
14376733,
192956781,
2941208764,
463889972,
2567886457,
720827153,
2940141975,
1734946856,
403385038,
2939350138,
2905397723,
174241268,
2874316541,
65010307,
27112879,
2900484417,
2622037605,
268910251,
1549428457,
1150643886,
2436586067,
2716858695,
31420691,
157959786,
40441895,
2780629798,
2850346078,
2924865826,
182951934,
374205051,
154094875,
14103590,
2915896276,
173776408,
1566796062,
398932016,
2919490287,
152968761,
88047695,
214459068,
2765529665,
2890789186,
2913668673,
702700674,
2912655207,
2414743628,
2386639058,
1491405823,
135215781,
70954929,
1551022388,
2911272104,
275971310,
2908298433,
75751182,
2539573086,
108784978,
2350241129,
2904832282,
241921497,
7397662,
606376087,
221116162,
28145810,
231736590,
101235655,
203968245,
418037167,
88456264,
388174063,
397106433,
2853711849,
53797656,
57433807,
1319158111,
1575205952,
273322473,
451423510,
524435134,
595497127,
552785921,
2884181998,
2758509100,
2869170597,
737233602,
452904162,
465340768,
2879647095,
2754169797,
414878461,
83683431,
825386023,
452193888,
2501642208,
1162513440,
2853676935,
157064549,
2373663193,
817929127,
601930447,
1046342815,
2875173423,
2725903029,
24900830,
2847993867,
2797848088,
2871350693,
2441973203,
315262378,
2879935446,
2804105520,
2874053510,
303729118,
1274665201,
37947834,
251733937,
501095467,
45194720,
298602009,
2492484612,
183209274,
408340364,
308578940,
423608127,
1638147914,
1875290983,
163989955,
2160802898,
615453267,
30726225,
50580844,
104629744,
123724522,
520299573,
151145251,
95712928,
415583795,
2338773714,
1492726428,
192325120,
332175438,
2837544850,
937806834,
429385995,
456877866,
850349737,
2831807097,
1439210270,
258366589,
2731919081,
2212494006,
2404901881,
2815459810,
146212218,
1603616130,
122468555,
303761863,
364270298,
367183022,
8993202,
219694371,
2799890853,
936699056,
2221420944,
386179383,
1073004109,
999745824,
124706535,
808868454,
434419881,
2236641697,
1093273244,
296459080,
2548874017,
2786278634,
1665739567,
2764995555,
2776056104,
2764864072,
2748348669,
2466741847,
2478458381,
2560716194,
2178249885,
2421774707,
504746613,
394651745,
2751993340,
2280503989,
2751638619,
196764738,
345875790,
2758778570,
19162013,
2748245921,
2746563366,
954116220,
2153075265,
435118561,
380831551,
2741004633,
383374147,
2445407899,
337719144,
801989653,
327285255,
1490758298,
2713341634,
2719828191,
2666836476,
578894263,
355488436,
2290946401,
2656739252,
2433008812,
2578242792,
256656338,
2578300849,
2313679654,
216427353,
483992582,
411063700,
1923130856,
2258387795,
2410491950,
2592013800,
2591679008,
2591136895,
1146291163,
83078103,
2580944030,
2256424173,
125093413,
153492006,
2623187841,
2423160418,
2619636617,
2540753957,
221133514,
396769451,
128285552,
2562132624,
98883782,
2159254167,
147508732,
189043889,
424993004,
371347041,
2532114018,
7183202,
98443417,
2345116109,
1128633007,
2306119773,
2481930061,
582957313,
506644806,
296501901,
2316809569,
350795421,
215307348,
342289452,
2473077198,
2519658795,
1250248801,
344828437,
2241412833,
366123952,
2507802741,
190711447,
2264886054,
1385155866,
2502633315,
146781802,
2386712414,
296280212,
841534950,
243218525,
336806946,
2454734119,
2207601728,
249391464,
372260078,
215211626,
41593918,
2432568668,
89157588,
42078573,
211313965,
730919143,
632853502,
2312657487,
864496686,
775633417,
803207696,
2433505589,
422517128,
2439023218,
2373718722,
28084373,
2385634514,
2401997089,
2418315766,
2393130840,
56827940,
218422988,
2352285138,
1148902784,
60079166,
2331643067,
2371781424,
837806514,
2384330857,
2395722186,
130442058,
2410629039,
2373175109,
221388750,
190583143,
859894098,
227482894,
71047503,
260674880,
1166684492,
476354169,
49561694,
1859704898,
152244590,
1607820265,
2205262907,
2343532874,
2357922013,
2373465401,
1018109166,
774182575,
240574876,
2393717235,
1128962802,
2390934784,
187297705,
2364337505,
97231327,
283971391,
338210090,
289436733,
209106256,
268679897,
800806627,
2360014886,
2335127234,
2261741733,
38136409,
22933539,
2182085314,
406303916,
2361435565,
2364977021,
207929708,
1943519268,
252947226,
186112862,
531516935,
2348590675,
1911644653,
2341831867,
2336720112,
551878965,
2281278344,
2219670126,
2334846337,
124251024,
114266520,
2332536965,
2331130246,
2268772577,
2314072332,
767694570,
2329437968,
2329401270,
28306387,
180108490,
16868869,
375206526,
320350057,
1325585106,
1287234193,
566775402,
507164549,
237374938,
219590702,
320750646,
338331761,
2285234358,
91607225,
2310896467,
2180134152,
484202607,
815492948,
1550720150,
1017176791,
454343236,
111273321,
17154346,
25712005,
711225027,
2282530621,
465854560,
14640068,
312580962,
2201433673,
2288480513,
19725412,
554695605,
143936653,
2252025872,
1931574774,
73881207,
1266554299,
357119526,
45318086,
734572364,
80599529,
1944971089,
1636926138,
2270193739,
576931798,
268767795,
554630362,
45643300,
225711067,
323121914,
1857346243,
2256509089,
1103743285,
1528210470,
306103709,
140693072,
2230471894,
214155854,
246524692,
2220081309,
1632716209,
106401194,
1398263214,
373398832,
2231831630,
128897439,
156664941,
263272114,
8188112,
460279937,
986588912,
40007912,
215577543,
2222002758,
2219792658,
112454152,
497962952,
1299856849,
352329204,
2206945686,
1450956103,
134725043,
2182116883,
2191878203,
2179742081,
48476525,
2205379952,
2201051569,
269963289,
566548807,
2183062589,
2182417359,
2196573140,
2192627532,
325662932,
609115490,
1889626063,
1966498531,
72083029,
1921186518,
242661023,
157485651,
112682700,
1446480146,
154475140,
1038479640,
1413936956,
407593489,
2162514794,
475170034,
1240829448,
2154778121,
2160059110,
1174349732,
146138598,
561398238,
18423966,
375667477,
222280779,
1402116307,
1678353566,
1974446504,
185231361,
20708248,
872418080,
712489594,
826094526,
979222466,
32125480,
106442962,
11502342,
546161653,
1637733337,
1949662226,
193261411,
1239419352,
372256968,
523618154,
1907188160,
255078867,
782945797,
1870880587,
154213544,
999979652,
452123688,
1213621400,
299239534,
1896409490,
18550592,
375529224,
1459101127,
387583395,
1882103408,
1667272830,
153524078,
272064675,
855305023,
29675425,
1830347989,
221067711,
1860373237,
25598714,
87391878,
228044102,
157927409,
188780180,
456098058,
1855242170,
185586845,
323128411,
57102013,
625499175,
1849033614,
220045927,
1846855766,
1849018908,
125340208,
324343770,
400603166,
21244706,
891138626,
61987344,
23310516,
111916276,
1408839552,
614229181,
189440281,
534077417,
1721445614,
1539392046,
1718789088,
301993238,
404291668,
1716076627,
170453436,
1273720260,
187284224,
206791574,
154249722,
220973263,
840071952,
225668307,
542018325,
1360358492,
1692092486,
1696616676,
376076863,
442641259,
65959802,
490377368,
196509013,
1688235206,
200523578,
371307348,
267381380,
627569964,
387708224,
1667140580,
12396152,
339784375,
1658398970,
25879628,
1622830249,
1269672150,
614408906,
199603956,
324857140,
18214396,
1648070078,
24150493,
241597806,
1114832881,
1125570818,
133639511,
944228305,
219233335,
100804632,
338884063,
89066473,
1523065070,
41810101,
106375916,
123669406,
1161081218,
736446402,
73834371,
218540006,
140031311,
115937748,
46733286,
1560187262,
306946227,
741431012,
504755745,
269832769,
620368748,
1552725349,
291599021,
1085485981,
149241028,
208714832,
110242735,
220834330,
1565521285,
46911524,
1561286467,
44631334,
142034332,
102137362,
374645825,
461124221,
251136360,
986633772,
303123833,
33611176,
1542919682,
18630470,
381519605,
48994036,
1272166898,
1512525169,
1531086128,
539389759,
1516794817,
1516083445,
1514397936,
46212363,
1513383114,
1513175522,
22161653,
244095241,
234886067,
1006128307,
1496852076,
427732605,
321032368,
459964751,
550037976,
301438424,
419691068,
159803581,
264151887,
476222141,
1487551717,
127937320,
1482862711,
153718247,
584924973,
392859286,
928527992,
1267425265,
205632700,
1284251120,
89151838,
219627261,
60375824,
152654100,
384342748,
24365405,
1351795729,
1013003780,
561766181,
1449117152,
189184548,
631438930,
1443889495,
1443321145,
324483172,
1226012724,
374016364,
1427264131,
1372117878,
1170029467,
190988611,
757621561,
26762268,
26997152,
1415718331,
1370025884,
271089377,
1411145287,
263835629,
290209024,
807591216,
1394187277,
636828332,
1211372594,
350786697,
1319974838,
194381710,
17420429,
1384331588,
1325235493,
1370262626,
518354985,
1004399876,
925096524,
170685504,
438317752,
1369930321,
340803303,
1349550296,
1362419610,
108235646,
120783386,
1051237717,
1317355002,
389017331,
946660207,
128494903,
14582702,
335397502,
332362317,
600247165,
53748791,
77269554,
264975692,
1264043606,
162520358,
222712533,
117037646,
24715652,
63452857,
28077612,
459988324,
79217717,
287861223,
709528573,
213679853,
14330312,
1048999519,
1253549702,
1306954598,
266252009,
1295057952,
381436108,
359984783,
29776121,
961146582,
503561106,
463079443,
306057448,
606465114,
24341922,
634460877,
557804748,
265927969,
122079155,
1268119278,
88380351,
348974763,
791194628,
40697877,
264875888,
1011937376,
1244138575,
143929943,
1252458852,
615184097,
949451834,
1142011082,
1182865668,
39274433,
1246680469,
1249745414,
619882565,
356750165,
1061109516,
962892445,
229517637,
38407059,
177947425,
138117356,
437043346,
310470835,
1004256230,
972716725,
229966017,
1205677094,
1116973123,
24356464,
356984148,
212492506,
69923729,
475174785,
224987009,
246929923,
1190198029,
129492490,
65434143,
1145039742,
49911314,
429804371,
64148986,
1174843776,
26305733,
946350738,
182919296,
220337344,
35745561,
97727993,
402125321,
14598652,
1124824724,
408533183,
1148807059,
802906904,
490413510,
219355886,
311671048,
224156433,
1019875933,
322614233,
31717700,
55207915,
759202386,
1127574362,
36641769,
49365245,
181881185,
428202364,
1076792282,
294047566,
86404558,
80322676,
246733037,
1018693873,
318035698,
170421330,
122457708,
1085876030,
308158445,
362433577,
123589263,
1076181168,
404897556,
185161361,
963125736,
26243845,
821891696,
1046049264,
206611710,
373033221,
1029738222,
271346309,
416925949,
169868240,
561631573,
446984142,
19206600,
968969328,
319066786,
403418897,
354562028,
899674628,
451582271,
30275252,
372417250,
494980979,
978549636,
460137901,
975455244,
615452518,
215643025,
354787513,
349803390,
114251646,
120545923,
239335011,
481600960,
261803016,
261799205,
964635752,
849162434,
929706583,
597292982,
107493610,
256026855,
115998715,
408539853,
14588421,
135553591,
564179709,
228315906,
250207142,
220961582,
94664588,
128575108,
367103731,
274991483,
921801841,
535733855,
922878498,
51003247,
484554190,
821958469,
373109224,
626448088,
911185783,
359866905,
98349703,
475921182,
439741358,
732403464,
873169070,
241912099,
839563452,
247498355,
22607707,
864447902,
49313990,
46213380,
216000321,
811639111,
74691238,
868560594,
34973572,
625635863,
865306584,
864736436,
78661026,
859730598,
856499408,
216765345,
831813163,
237826356,
254538681,
45195782,
836025841,
815090448,
233937108,
282551985,
827886139,
151430645,
417364484,
811745749,
61485557,
736526660,
102048515,
808353662,
322560019,
504698715,
52056284,
121250996,
93393492,
395822222,
98490615,
79300918,
115975171,
194290714,
269885821,
112790061,
633165379,
771636157,
56131244,
190220690,
198421972,
783149174,
457400509,
39102748,
553046099,
382517890,
779600648,
98485585,
175518016,
393313109,
203049896,
56099407,
775407762,
153879064,
154460197,
293433776,
239689384,
102063099,
768631556,
84027246,
757006308,
68641912,
119043586,
15404898,
92721519,
704890326,
440389595,
543731970,
602835486,
24350980,
28956990,
14074274,
566197687,
412505114,
124303658,
631173953,
301638102,
324311654,
163327389,
148438948,
97451605,
18669742,
237280230,
118506601,
603582634,
21990115,
473302353,
333261190,
612363758,
480255243,
322081973,
70630257,
602251734,
602128458,
541369615,
239789223,
131490102,
556281852,
596413477,
588479728,
52710766,
199325050,
597450083,
587688355,
595362334,
153848797,
545471226,
288728280,
590828335,
355492081,
156021283,
479655942,
407720894,
576526786,
25490693,
544896640,
577860356,
91767045,
117458269,
220952888,
109044424,
49397288,
96186026,
562902338,
112021428,
409831674,
102061264,
545988888,
207429157,
545754235,
461252961,
419870505,
185290349,
29059271,
554762274,
110662706,
459928054,
58623909,
258744514,
485009940,
226160771,
19312211,
264092402,
485743481,
312680023,
205154086,
500753054,
539995038,
218587356,
527400936,
171862437,
470597810,
198875944,
34587825,
234279021,
50940767,
67860536,
507393196,
507509392,
473716678,
37698507,
394617771,
123883437,
178364155,
487425025,
152791223,
485955630,
222095475,
493110718,
498252917,
115923848,
94196029,
493750797,
493173943,
492104347,
371420242,
153515562,
434103055,
83468354,
462161570,
303947756,
485056713,
296821652,
251741073,
217063692,
335492437,
347441391,
113448327,
471431293,
297351647,
437811608,
339811235,
123184211,
74961998,
63704796,
404056637,
144194237,
163429192,
216303617,
460496469,
405053523,
226574979,
53506793,
228102382,
326990136,
46187334,
364042986,
341416414,
233644488,
130566327,
47450687,
441234501,
438731769,
70483403,
227609569,
434882296,
194944956,
433739477,
410127569,
390232394,
430747915,
404460239,
40009187,
237489193,
414154972,
55583903,
152377315,
18997080,
247265409,
275172017,
329888551,
161013947,
405759758,
335502439,
267800921,
22007657,
397114918,
119677612,
387720281,
54520839,
386657481,
282473024,
371939750,
108887338,
281998812,
384340519,
186732427,
374454604,
111842717,
50042771,
305469692,
288769468,
310190653,
381104685,
356140804,
373569323,
31372243,
376827326,
172449700,
115973186,
7267762,
371374320,
227244585,
368856614,
23741975,
158470301,
317846035,
334274372,
298692204,
150237869,
357382082,
246417228,
172351895,
314489301,
352919153,
97394747,
350252958,
348434195,
348003974,
288927324,
131440290,
86755010,
19082430,
265775821,
112146949,
330544384,
263777549,
191817782,
38661647,
257655430,
325500983,
66431063,
46853218,
222088154,
130253156,
52680396,
313576874,
316662844,
53350481,
17289752,
257380220,
188818445,
282716136,
126601512,
292878900,
120566620,
162915366,
183956897,
15984119,
145755421,
41845462,
247282738,
252611620,
140455613,
284412226,
214571280,
132980241,
192573585,
58495700,
21143248,
188441117,
222063416,
253548245,
243339670,
69245521,
250734004,
117071172,
273619807,
39759495,
257979983,
85658111,
265302237,
217079654,
74563205,
267223938,
60910714,
233557509,
263346838,
192237085,
132833653,
96113023,
61468255,
177479315,
78344606,
238484758,
139668770,
109971521,
93825816,
66140151,
210749712,
25055518,
101709745,
52382470,
179039768,
150183908,
93445992,
26993719,
38433345,
27511600,
57631534,
174404073,
203660859,
134056639,
40019351,
89522475,
122180970,
104493618,
18991452,
215929151,
151072392,
167463722,
246379953,
180020934,
227091556,
25825061,